p  1  8  3
p  3  8  3
p  3  4  3
p  1  8  3
p  3  4  3
p  1  4  3
p  3  6  3
p  6  6  3
p  6  4  3
p  3  6  3
p  6  4  3
p  3  4  3
p  6  8  3
p  8  8  3
p  8  0  3
p  6  8  3
p  8  0  3
p  6  0  3
p  1  8  0
p  3  8  0
p  3  4  0
p  1  8  0
p  3  4  0
p  1  4  0
p  3  6  0
p  6  6  0
p  6  4  0
p  3  6  0
p  6  4  0
p  3  4  0
p  6  8  0
p  8  8  0
p  8  0  0
p  6  8  0
p  8  0  0
p  6  0  0
p  1  8  3
p  3  8  3
p  1  8  0
p  1  8  0
p  3  8  3
p  3  8  0
p  3  6  3
p  6  6  3
p  3  6  0
p  6  6  3
p  3  6  0
p  6  6  0
p  6  8  3
p  8  8  3
p  6  8  0
p  6  8  0
p  8  8  0
p  8  8  3
p  1  4  3
p  6  4  3
p  1  4  0
p  1  4  0
p  6  4  3
p  6  4  0
p  6  0  3
p  8  0  3
p  6  0  0
p  6  0  0
p  8  0  0
p  8  0  3
p  1  8  3
p  1  4  3
p  1  8  0
p  1  8  0
p  1  4  3
p  1  4  0
p  3  4  3
p  3  8  3
p  3  8  0
p  3  8  0
p  3  4  3
p  3  4  0
p  6  8  3
p  6  0  3
p  6  8  0
p  6  8  0
p  6  0  0
p  6  0  3
p  8  8  3
p  8  0  3
p  8  8  0
p  8  8  0
p  8  0  3
p  8  0  0




u 0 0
u 1 1
u 1 0
u 0 0
u 1 1
u 0 1
u 0 0
u 1 1
u 1 0
u 0 0
u 1 1
u 0 1
u 0 0
u 1 1
u 1 0
u 0 0
u 1 1
u 0 1
u 0 0
u 1 1
u 1 0
u 0 0
u 1 1
u 0 1
u 0 0
u 1 1
u 1 0
u 0 0
u 1 1
u 0 1
u 0 0
u 1 1
u 1 0
u 0 0
u 1 1
u 0 1
u 0 0
u 1 1
u 1 0
u 0 0
u 1 1
u 0 1
u 0 0
u 1 1
u 1 0
u 0 0
u 1 1
u 0 1
u 0 0
u 1 1
u 1 0
u 0 0
u 1 1
u 0 1
u 0 0
u 1 1
u 1 0
u 0 0
u 1 1
u 0 1
u 0 0
u 1 1
u 1 0
u 0 0
u 1 1
u 0 1
u 0 0
u 1 1
u 1 0
u 0 0
u 1 1
u 0 1
u 0 0
u 1 1
u 1 0
u 0 0
u 1 1
u 0 1
u 0 0
u 1 1
u 1 0
u 0 0
u 1 1
u 0 1
u 0 0
u 1 1
u 1 0
u 0 0
u 1 1
u 0 1
u 0 0
u 1 1

i  8  9 23
i 23  9 24