p -50   0 -50
p -50   0 -49
p -50   0 -48
p -50   0 -47
p -50   0 -46
p -50   0 -45
p -50   0 -44
p -50   0 -43
p -50   0 -42
p -50   0 -41
p -50   0 -40
p -50   0 -39
p -50   0 -38
p -50   0 -37
p -50   0 -36
p -50   0 -35
p -50   0 -34
p -50   0 -33
p -50   0 -32
p -50   0 -31
p -50   0 -30
p -50   0 -29
p -50   0 -28
p -50   0 -27
p -50   0 -26
p -50   0 -25
p -50   0 -24
p -50   0 -23
p -50   0 -22
p -50   0 -21
p -50   0 -20
p -50   0 -19
p -50   0 -18
p -50   0 -17
p -50   0 -16
p -50   0 -15
p -50   0 -14
p -50   0 -13
p -50   0 -12
p -50   0 -11
p -50   0 -10
p -50   0  -9
p -50   0  -8
p -50   0  -7
p -50   0  -6
p -50   0  -5
p -50   0  -4
p -50   0  -3
p -50   0  -2
p -50   0  -1
p -50   0   0
p -50   0   1
p -50   0   2
p -50   0   3
p -50   0   4
p -50   0   5
p -50   0   6
p -50   0   7
p -50   0   8
p -50   0   9
p -50   0  10
p -50   0  11
p -50   0  12
p -50   0  13
p -50   0  14
p -50   0  15
p -50   0  16
p -50   0  17
p -50   0  18
p -50   0  19
p -50   0  20
p -50   0  21
p -50   0  22
p -50   0  23
p -50   0  24
p -50   0  25
p -50   0  26
p -50   0  27
p -50   0  28
p -50   0  29
p -50   0  30
p -50   0  31
p -50   0  32
p -50   0  33
p -50   0  34
p -50   0  35
p -50   0  36
p -50   0  37
p -50   0  38
p -50   0  39
p -50   0  40
p -50   0  41
p -50   0  42
p -50   0  43
p -50   0  44
p -50   0  45
p -50   0  46
p -50   0  47
p -50   0  48
p -50   0  49
p -50   0  50
p -49   0 -50
p -49   0  50
p -48   0 -50
p -48   0  50
p -47   0 -50
p -47   0  50
p -46   0 -50
p -46   0  50
p -45   0 -50
p -45   0  50
p -44   0 -50
p -44   0  50
p -43   0 -50
p -43   0  50
p -42   0 -50
p -42   0  50
p -41   0 -50
p -41   0  50
p -40   0 -50
p -40   0  50
p -39   0 -50
p -39   0  50
p -38   0 -50
p -38   0  50
p -37   0 -50
p -37   0  50
p -36   0 -50
p -36   0  50
p -35   0 -50
p -35   0  50
p -34   0 -50
p -34   0  50
p -33   0 -50
p -33   0  50
p -32   0 -50
p -32   0  50
p -31   0 -50
p -31   0  50
p -30   0 -50
p -30   0  50
p -29   0 -50
p -29   0  50
p -28   0 -50
p -28   0  50
p -27   0 -50
p -27   0  50
p -26   0 -50
p -26   0  50
p -25   0 -50
p -25   0  50
p -24   0 -50
p -24   0  50
p -23   0 -50
p -23   0  50
p -22   0 -50
p -22   0  50
p -21   0 -50
p -21   0  50
p -20   0 -50
p -20   0  50
p -19   0 -50
p -19   0  50
p -18   0 -50
p -18   0  50
p -17   0 -50
p -17   0  50
p -16   0 -50
p -16   0  50
p -15   0 -50
p -15   0  50
p -14   0 -50
p -14   0  50
p -13   0 -50
p -13   0  50
p -12   0 -50
p -12   0  50
p -11   0 -50
p -11   0  50
p -10   0 -50
p -10   0  50
p  -9   0 -50
p  -9   0  50
p  -8   0 -50
p  -8   0  50
p  -7   0 -50
p  -7   0  50
p  -6   0 -50
p  -6   0  50
p  -5   0 -50
p  -5   0  50
p  -4   0 -50
p  -4   0  50
p  -3   0 -50
p  -3   0  50
p  -2   0 -50
p  -2   0  50
p  -1   0 -50
p  -1   0  50
p   0   0 -50
p   0   0  50
p   1   0 -50
p   1   0  50
p   2   0 -50
p   2   0  50
p   3   0 -50
p   3   0  50
p   4   0 -50
p   4   0  50
p   5   0 -50
p   5   0  50
p   6   0 -50
p   6   0  50
p   7   0 -50
p   7   0  50
p   8   0 -50
p   8   0  50
p   9   0 -50
p   9   0  50
p  10   0 -50
p  10   0  50
p  11   0 -50
p  11   0  50
p  12   0 -50
p  12   0  50
p  13   0 -50
p  13   0  50
p  14   0 -50
p  14   0  50
p  15   0 -50
p  15   0  50
p  16   0 -50
p  16   0  50
p  17   0 -50
p  17   0  50
p  18   0 -50
p  18   0  50
p  19   0 -50
p  19   0  50
p  20   0 -50
p  20   0  50
p  21   0 -50
p  21   0  50
p  22   0 -50
p  22   0  50
p  23   0 -50
p  23   0  50
p  24   0 -50
p  24   0  50
p  25   0 -50
p  25   0  50
p  26   0 -50
p  26   0  50
p  27   0 -50
p  27   0  50
p  28   0 -50
p  28   0  50
p  29   0 -50
p  29   0  50
p  30   0 -50
p  30   0  50
p  31   0 -50
p  31   0  50
p  32   0 -50
p  32   0  50
p  33   0 -50
p  33   0  50
p  34   0 -50
p  34   0  50
p  35   0 -50
p  35   0  50
p  36   0 -50
p  36   0  50
p  37   0 -50
p  37   0  50
p  38   0 -50
p  38   0  50
p  39   0 -50
p  39   0  50
p  40   0 -50
p  40   0  50
p  41   0 -50
p  41   0  50
p  42   0 -50
p  42   0  50
p  43   0 -50
p  43   0  50
p  44   0 -50
p  44   0  50
p  45   0 -50
p  45   0  50
p  46   0 -50
p  46   0  50
p  47   0 -50
p  47   0  50
p  48   0 -50
p  48   0  50
p  49   0 -50
p  49   0  50
p  50   0 -50
p  50   0 -49
p  50   0 -48
p  50   0 -47
p  50   0 -46
p  50   0 -45
p  50   0 -44
p  50   0 -43
p  50   0 -42
p  50   0 -41
p  50   0 -40
p  50   0 -39
p  50   0 -38
p  50   0 -37
p  50   0 -36
p  50   0 -35
p  50   0 -34
p  50   0 -33
p  50   0 -32
p  50   0 -31
p  50   0 -30
p  50   0 -29
p  50   0 -28
p  50   0 -27
p  50   0 -26
p  50   0 -25
p  50   0 -24
p  50   0 -23
p  50   0 -22
p  50   0 -21
p  50   0 -20
p  50   0 -19
p  50   0 -18
p  50   0 -17
p  50   0 -16
p  50   0 -15
p  50   0 -14
p  50   0 -13
p  50   0 -12
p  50   0 -11
p  50   0 -10
p  50   0  -9
p  50   0  -8
p  50   0  -7
p  50   0  -6
p  50   0  -5
p  50   0  -4
p  50   0  -3
p  50   0  -2
p  50   0  -1
p  50   0   0
p  50   0   1
p  50   0   2
p  50   0   3
p  50   0   4
p  50   0   5
p  50   0   6
p  50   0   7
p  50   0   8
p  50   0   9
p  50   0  10
p  50   0  11
p  50   0  12
p  50   0  13
p  50   0  14
p  50   0  15
p  50   0  16
p  50   0  17
p  50   0  18
p  50   0  19
p  50   0  20
p  50   0  21
p  50   0  22
p  50   0  23
p  50   0  24
p  50   0  25
p  50   0  26
p  50   0  27
p  50   0  28
p  50   0  29
p  50   0  30
p  50   0  31
p  50   0  32
p  50   0  33
p  50   0  34
p  50   0  35
p  50   0  36
p  50   0  37
p  50   0  38
p  50   0  39
p  50   0  40
p  50   0  41
p  50   0  42
p  50   0  43
p  50   0  44
p  50   0  45
p  50   0  46
p  50   0  47
p  50   0  48
p  50   0  49
p  50   0  50

c 0.5 0.5   0
c 0.5 0.5   0
c 0.5 0.5   0
c 0.5 0.5   0
c 0.5 0.5   0
c 0.5 0.5   0
c 0.5 0.5   0
c 0.5 0.5   0
c 0.5 0.5   0
c 0.5 0.5   0
c 0.5 0.5   0
c 0.5 0.5   0
c 0.5 0.5   0
c 0.5 0.5   0
c 0.5 0.5   0
c 0.5 0.5   0
c 0.5 0.5   0
c 0.5 0.5   0
c 0.5 0.5   0
c 0.5 0.5   0
c 0.5 0.5   0
c 0.5 0.5   0
c 0.5 0.5   0
c 0.5 0.5   0
c 0.5 0.5   0
c 0.5 0.5   0
c 0.5 0.5   0
c 0.5 0.5   0
c 0.5 0.5   0
c 0.5 0.5   0
c 0.5 0.5   0
c 0.5 0.5   0
c 0.5 0.5   0
c 0.5 0.5   0
c 0.5 0.5   0
c 0.5 0.5   0
c 0.5 0.5   0
c 0.5 0.5   0
c 0.5 0.5   0
c 0.5 0.5   0
c 0.5 0.5   0
c 0.5 0.5   0
c 0.5 0.5   0
c 0.5 0.5   0
c 0.5 0.5   0
c 0.5 0.5   0
c 0.5 0.5   0
c 0.5 0.5   0
c 0.5 0.5   0
c 0.5 0.5   0
c 0.5 0.5   0
c 0.5 0.5   0
c 0.5 0.5   0
c 0.5 0.5   0
c 0.5 0.5   0
c 0.5 0.5   0
c 0.5 0.5   0
c 0.5 0.5   0
c 0.5 0.5   0
c 0.5 0.5   0
c 0.5 0.5   0
c 0.5 0.5   0
c 0.5 0.5   0
c 0.5 0.5   0
c 0.5 0.5   0
c 0.5 0.5   0
c 0.5 0.5   0
c 0.5 0.5   0
c 0.5 0.5   0
c 0.5 0.5   0
c 0.5 0.5   0
c 0.5 0.5   0
c 0.5 0.5   0
c 0.5 0.5   0
c 0.5 0.5   0
c 0.5 0.5   0
c 0.5 0.5   0
c 0.5 0.5   0
c 0.5 0.5   0
c 0.5 0.5   0
c 0.5 0.5   0
c 0.5 0.5   0
c 0.5 0.5   0
c 0.5 0.5   0
c 0.5 0.5   0
c 0.5 0.5   0
c 0.5 0.5   0
c 0.5 0.5   0
c 0.5 0.5   0
c 0.5 0.5   0
c 0.5 0.5   0
c 0.5 0.5   0
c 0.5 0.5   0
c 0.5 0.5   0
c 0.5 0.5   0
c 0.5 0.5   0
c 0.5 0.5   0
c 0.5 0.5   0
c 0.5 0.5   0
c 0.5 0.5   0
c 0.5 0.5   0
c 0.5 0.5   0
c 0.5 0.5   0
c 0.5 0.5   0
c 0.5 0.5   0
c 0.5 0.5   0
c 0.5 0.5   0
c 0.5 0.5   0
c 0.5 0.5   0
c 0.5 0.5   0
c 0.5 0.5   0
c 0.5 0.5   0
c 0.5 0.5   0
c 0.5 0.5   0
c 0.5 0.5   0
c 0.5 0.5   0
c 0.5 0.5   0
c 0.5 0.5   0
c 0.5 0.5   0
c 0.5 0.5   0
c 0.5 0.5   0
c 0.5 0.5   0
c 0.5 0.5   0
c 0.5 0.5   0
c 0.5 0.5   0
c 0.5 0.5   0
c 0.5 0.5   0
c 0.5 0.5   0
c 0.5 0.5   0
c 0.5 0.5   0
c 0.5 0.5   0
c 0.5 0.5   0
c 0.5 0.5   0
c 0.5 0.5   0
c 0.5 0.5   0
c 0.5 0.5   0
c 0.5 0.5   0
c 0.5 0.5   0
c 0.5 0.5   0
c 0.5 0.5   0
c 0.5 0.5   0
c 0.5 0.5   0
c 0.5 0.5   0
c 0.5 0.5   0
c 0.5 0.5   0
c 0.5 0.5   0
c 0.5 0.5   0
c 0.5 0.5   0
c 0.5 0.5   0
c 0.5 0.5   0
c 0.5 0.5   0
c 0.5 0.5   0
c 0.5 0.5   0
c 0.5 0.5   0
c 0.5 0.5   0
c 0.5 0.5   0
c 0.5 0.5   0
c 0.5 0.5   0
c 0.5 0.5   0
c 0.5 0.5   0
c 0.5 0.5   0
c 0.5 0.5   0
c 0.5 0.5   0
c 0.5 0.5   0
c 0.5 0.5   0
c 0.5 0.5   0
c 0.5 0.5   0
c 0.5 0.5   0
c 0.5 0.5   0
c 0.5 0.5   0
c 0.5 0.5   0
c 0.5 0.5   0
c 0.5 0.5   0
c 0.5 0.5   0
c 0.5 0.5   0
c 0.5 0.5   0
c 0.5 0.5   0
c 0.5 0.5   0
c 0.5 0.5   0
c 0.5 0.5   0
c 0.5 0.5   0
c 0.5 0.5   0
c 0.5 0.5   0
c 0.5 0.5   0
c 0.5 0.5   0
c 0.5 0.5   0
c 0.5 0.5   0
c 0.5 0.5   0
c 0.5 0.5   0
c 0.5 0.5   0
c 0.5 0.5   0
c 0.5 0.5   0
c 0.5 0.5   0
c 0.5 0.5   0
c 0.5 0.5   0
c 0.5 0.5   0
c 0.5 0.5   0
c 0.5 0.5   0
c 0.5 0.5   0
c 0.5 0.5   0
c 0.5 0.5   0
c 0.5 0.5   0
c 0.5 0.5   0
c 0.5 0.5   0
c 0.5 0.5   0
c 0.5 0.5   0
c 0.5 0.5   0
c 0.5 0.5   0
c 0.5 0.5   0
c 0.5 0.5   0
c 0.5 0.5   0
c 0.5 0.5   0
c 0.5 0.5   0
c 0.5 0.5   0
c 0.5 0.5   0
c 0.5 0.5   0
c 0.5 0.5   0
c 0.5 0.5   0
c 0.5 0.5   0
c 0.5 0.5   0
c 0.5 0.5   0
c 0.5 0.5   0
c 0.5 0.5   0
c 0.5 0.5   0
c 0.5 0.5   0
c 0.5 0.5   0
c 0.5 0.5   0
c 0.5 0.5   0
c 0.5 0.5   0
c 0.5 0.5   0
c 0.5 0.5   0
c 0.5 0.5   0
c 0.5 0.5   0
c 0.5 0.5   0
c 0.5 0.5   0
c 0.5 0.5   0
c 0.5 0.5   0
c 0.5 0.5   0
c 0.5 0.5   0
c 0.5 0.5   0
c 0.5 0.5   0
c 0.5 0.5   0
c 0.5 0.5   0
c 0.5 0.5   0
c 0.5 0.5   0
c 0.5 0.5   0
c 0.5 0.5   0
c 0.5 0.5   0
c 0.5 0.5   0
c 0.5 0.5   0
c 0.5 0.5   0
c 0.5 0.5   0
c 0.5 0.5   0
c 0.5 0.5   0
c 0.5 0.5   0
c 0.5 0.5   0
c 0.5 0.5   0
c 0.5 0.5   0
c 0.5 0.5   0
c 0.5 0.5   0
c 0.5 0.5   0
c 0.5 0.5   0
c 0.5 0.5   0
c 0.5 0.5   0
c 0.5 0.5   0
c 0.5 0.5   0
c 0.5 0.5   0
c 0.5 0.5   0
c 0.5 0.5   0
c 0.5 0.5   0
c 0.5 0.5   0
c 0.5 0.5   0
c 0.5 0.5   0
c 0.5 0.5   0
c 0.5 0.5   0
c 0.5 0.5   0
c 0.5 0.5   0
c 0.5 0.5   0
c 0.5 0.5   0
c 0.5 0.5   0
c 0.5 0.5   0
c 0.5 0.5   0
c 0.5 0.5   0
c 0.5 0.5   0
c 0.5 0.5   0
c 0.5 0.5   0
c 0.5 0.5   0
c 0.5 0.5   0
c 0.5 0.5   0
c 0.5 0.5   0
c 0.5 0.5   0
c 0.5 0.5   0
c 0.5 0.5   0
c 0.5 0.5   0
c 0.5 0.5   0
c 0.5 0.5   0
c 0.5 0.5   0
c 0.5 0.5   0
c 0.5 0.5   0
c 0.5 0.5   0
c 0.5 0.5   0
c 0.5 0.5   0
c 0.5 0.5   0
c 0.5 0.5   0
c 0.5 0.5   0
c 0.5 0.5   0
c 0.5 0.5   0
c 0.5 0.5   0
c 0.5 0.5   0
c 0.5 0.5   0
c 0.5 0.5   0
c 0.5 0.5   0
c 0.5 0.5   0
c 0.5 0.5   0
c 0.5 0.5   0
c 0.5 0.5   0
c 0.5 0.5   0
c 0.5 0.5   0
c 0.5 0.5   0
c 0.5 0.5   0
c 0.5 0.5   0
c 0.5 0.5   0
c 0.5 0.5   0
c 0.5 0.5   0
c 0.5 0.5   0
c 0.5 0.5   0
c 0.5 0.5   0
c 0.5 0.5   0
c 0.5 0.5   0
c 0.5 0.5   0
c 0.5 0.5   0
c 0.5 0.5   0
c 0.5 0.5   0
c 0.5 0.5   0
c 0.5 0.5   0
c 0.5 0.5   0
c 0.5 0.5   0
c 0.5 0.5   0
c 0.5 0.5   0
c 0.5 0.5   0
c 0.5 0.5   0
c 0.5 0.5   0
c 0.5 0.5   0
c 0.5 0.5   0
c 0.5 0.5   0
c 0.5 0.5   0
c 0.5 0.5   0
c 0.5 0.5   0
c 0.5 0.5   0
c 0.5 0.5   0
c 0.5 0.5   0
c 0.5 0.5   0
c 0.5 0.5   0
c 0.5 0.5   0
c 0.5 0.5   0
c 0.5 0.5   0
c 0.5 0.5   0
c 0.5 0.5   0
c 0.5 0.5   0
c 0.5 0.5   0
c 0.5 0.5   0
c 0.5 0.5   0
c 0.5 0.5   0
c 0.5 0.5   0
c 0.5 0.5   0
c 0.5 0.5   0
c 0.5 0.5   0
c 0.5 0.5   0
c 0.5 0.5   0
c 0.5 0.5   0
c 0.5 0.5   0
c 0.5 0.5   0
c 0.5 0.5   0
c 0.5 0.5   0
c 0.5 0.5   0
c 0.5 0.5   0
c 0.5 0.5   0
c 0.5 0.5   0
c 0.5 0.5   0
c 0.5 0.5   0
c 0.5 0.5   0
c 0.5 0.5   0
c 0.5 0.5   0
c 0.5 0.5   0
c 0.5 0.5   0
c 0.5 0.5   0
c 0.5 0.5   0
c 0.5 0.5   0
c 0.5 0.5   0
c 0.5 0.5   0
c 0.5 0.5   0
c 0.5 0.5   0
c 0.5 0.5   0
c 0.5 0.5   0
c 0.5 0.5   0
c 0.5 0.5   0
c 0.5 0.5   0
c 0.5 0.5   0
c 0.5 0.5   0
c 0.5 0.5   0

i   0 100
i 101 102
i 103 104
i 105 106
i 107 108
i 109 110
i 111 112
i 113 114
i 115 116
i 117 118
i 119 120
i 121 122
i 123 124
i 125 126
i 127 128
i 129 130
i 131 132
i 133 134
i 135 136
i 137 138
i 139 140
i 141 142
i 143 144
i 145 146
i 147 148
i 149 150
i 151 152
i 153 154
i 155 156
i 157 158
i 159 160
i 161 162
i 163 164
i 165 166
i 167 168
i 169 170
i 171 172
i 173 174
i 175 176
i 177 178
i 179 180
i 181 182
i 183 184
i 185 186
i 187 188
i 189 190
i 191 192
i 193 194
i 195 196
i 197 198
i 199 200
i 201 202
i 203 204
i 205 206
i 207 208
i 209 210
i 211 212
i 213 214
i 215 216
i 217 218
i 219 220
i 221 222
i 223 224
i 225 226
i 227 228
i 229 230
i 231 232
i 233 234
i 235 236
i 237 238
i 239 240
i 241 242
i 243 244
i 245 246
i 247 248
i 249 250
i 251 252
i 253 254
i 255 256
i 257 258
i 259 260
i 261 262
i 263 264
i 265 266
i 267 268
i 269 270
i 271 272
i 273 274
i 275 276
i 277 278
i 279 280
i 281 282
i 283 284
i 285 286
i 287 288
i 289 290
i 291 292
i 293 294
i 295 296
i 297 298
i 299 399
i   0 299
i   1 300
i   2 301
i   3 302
i   4 303
i   5 304
i   6 305
i   7 306
i   8 307
i   9 308
i  10 309
i  11 310
i  12 311
i  13 312
i  14 313
i  15 314
i  16 315
i  17 316
i  18 317
i  19 318
i  20 319
i  21 320
i  22 321
i  23 322
i  24 323
i  25 324
i  26 325
i  27 326
i  28 327
i  29 328
i  30 329
i  31 330
i  32 331
i  33 332
i  34 333
i  35 334
i  36 335
i  37 336
i  38 337
i  39 338
i  40 339
i  41 340
i  42 341
i  43 342
i  44 343
i  45 344
i  46 345
i  47 346
i  48 347
i  49 348
i  50 349
i  51 350
i  52 351
i  53 352
i  54 353
i  55 354
i  56 355
i  57 356
i  58 357
i  59 358
i  60 359
i  61 360
i  62 361
i  63 362
i  64 363
i  65 364
i  66 365
i  67 366
i  68 367
i  69 368
i  70 369
i  71 370
i  72 371
i  73 372
i  74 373
i  75 374
i  76 375
i  77 376
i  78 377
i  79 378
i  80 379
i  81 380
i  82 381
i  83 382
i  84 383
i  85 384
i  86 385
i  87 386
i  88 387
i  89 388
i  90 389
i  91 390
i  92 391
i  93 392
i  94 393
i  95 394
i  96 395
i  97 396
i  98 397
i  99 398
i 100 399