p -3  8  3
p -1  8  3
p -1  0  3
p -3  8  3
p -1  0  3
p -3  0  3
p -3  8  0
p -1  8  0
p -1  0  0
p -3  8  0
p -1  0  0
p -3  0  0
p -3  8  3
p -1  8  3
p -3  8  0
p -3  8  0
p -1  8  0
p -1  8  3
p -3  0  3
p -1  0  3
p -3  0  0
p -3  0  0
p -1  0  0
p -1  0  3
p -3  8  3
p -3  0  3
p -3  8  0
p -3  8  0
p -3  0  0
p -3  0  3
p -1  8  3
p -1  0  3
p -1  8  0
p -1  8  0
p -1  0  3
p -1  0  0

u 0 0
u 1 1
u 1 0
u 0 0
u 1 1
u 0 1
u 0 0
u 1 1
u 1 0
u 0 0
u 1 1
u 0 1
u 0 0
u 1 1
u 1 0
u 0 0
u 1 1
u 0 1
u 0 0
u 1 1
u 1 0
u 0 0
u 1 1
u 0 1
u 0 0
u 1 1
u 1 0
u 0 0
u 1 1
u 0 1
u 0 0
u 1 1
u 1 0
u 0 0
u 1 1
u 0 1