p -8  8  3
p -8  0  3
p -6  0  3
p -6  8  3
p -6  6  3
p -3  0  3
p -3  2  3
p -3  8  3
p -1  8  3
p -1  0  3
p  0  8  3
p  0  4  3
p  2  4  3
p  2  8  3
p  2  6  3
p  6  6  3
p  6  4  3
p  6  8  3
p  8  8  3
p  8  0  3
p  6  0  3
p -8  8  0
p -8  0  0
p -6  0  0
p -6  8  0
p -6  6  0
p -3  0  0
p -3  2  0
p -3  8  0
p -1  8  0
p -1  0  0
p  0  8  0
p  0  4  0
p  2  4  0
p  2  8  0
p  2  6  0
p  6  6  0
p  6  4  0
p  6  8  0
p  8  8  0
p  8  0  0
p  6  0  0

c 0.5 0.5 0.5
c 0.5 0.5 0.5
c 0.5 0.5 0.5
c 0.5 0.5 0.5
c 0.5 0.5 0.5
c 0.5 0.5 0.5
c 0.5 0.5 0.5
c 0.5 0.5 0.5
c 0.5 0.5 0.5
c 0.5 0.5 0.5
c 0.5 0.5 0.5
c 0.5 0.5 0.5
c 0.5 0.5 0.5
c 0.5 0.5 0.5
c 0.5 0.5 0.5
c 0.5 0.5 0.5
c 0.5 0.5 0.5
c 0.5 0.5 0.5
c 0.5 0.5 0.5
c 0.5 0.5 0.5
c 0.5 0.5 0.5
c 0.5 0.5 0.5
c 0.5 0.5 0.5
c 0.5 0.5 0.5
c 0.5 0.5 0.5
c 0.5 0.5 0.5
c 0.5 0.5 0.5
c 0.5 0.5 0.5
c 0.5 0.5 0.5
c 0.5 0.5 0.5
c 0.5 0.5 0.5
c 0.5 0.5 0.5
c 0.5 0.5 0.5
c 0.5 0.5 0.5
c 0.5 0.5 0.5
c 0.5 0.5 0.5
c 0.5 0.5 0.5
c 0.5 0.5 0.5
c 0.5 0.5 0.5
c 0.5 0.5 0.5
c 0.5 0.5 0.5
c 0.5 0.5 0.5

i  0  1  2
i  0  2  3
i  4  3  5
i  5  3  6
i  7  5  9
i  7  9  8
i 21 22 23
i 21 23 24
i 25 24 26
i 26 24 27
i 28 26 30
i 28 30 29
i 10 11 12
i 10 12 13
i 14 15 12
i 12 15 16
i 17 18 19
i 17 19 20
i 31 32 33
i 31 33 34
i 35 36 33
i 33 36 37
i 38 39 40
i 38 40 41
i  0 21  3
i  3 21 24
i  3  6 27
i  3 24 27
i  7 28 29
i  7  8 29
i  1 22  2
i 22  2 23
i  4  5 25
i 25  5 26
i  5  9 26
i 26  9 30
i  0  1 21
i 21  1 22
i  3  2 24
i 24 23  2
i  5  7 26
i 26 28  7
i  8  9 29
i 29 30  9
i 31 10 13
i 13 31 34
i 14 15 36
i 14 36 35
i 17 18 38
i 38 39 18
i 12 16 33
i 33 37 16
i 31 11 12
i 32 12 33
i 20 19 41
i 41 19 40
i 10 11 31
i 31 32 11
i 13 12 33
i 13 33 34
i 17 20 41
i 17 41 38
i 18 19 40
i 18 40 39