p  1  8  3
p  1  4  3
p  3  4  3
p  3  8  3
p  3  6  3
p  6  6  3
p  6  4  3
p  6  8  3
p  8  8  3
p  8  0  3
p  6  0  3
p -3  8  3
p -1  8  3
p -1  0  3
p -3  0  3
p  1  8  0
p  1  4  0
p  3  4  0
p  3  8  0
p  3  6  0
p  6  6  0
p  6  4  0
p  6  8  0
p  8  8  0
p  8  0  0
p  6  0  0
p -3  8  0
p -1  8  0
p -1  0  0
p -3  0  0

c 0.5 0.5 0.5
c 0.5 0.5 0.5
c 0.5 0.5 0.5
c 0.5 0.5 0.5
c 0.5 0.5 0.5
c 0.5 0.5 0.5
c 0.5 0.5 0.5
c 0.5 0.5 0.5
c 0.5 0.5 0.5
c 0.5 0.5 0.5
c 0.5 0.5 0.5
c 0.5 0.5 0.5
c 0.5 0.5 0.5
c 0.5 0.5 0.5
c 0.5 0.5 0.5
c 0.5 0.5 0.5
c 0.5 0.5 0.5
c 0.5 0.5 0.5
c 0.5 0.5 0.5
c 0.5 0.5 0.5
c 0.5 0.5 0.5
c 0.5 0.5 0.5
c 0.5 0.5 0.5
c 0.5 0.5 0.5
c 0.5 0.5 0.5
c 0.5 0.5 0.5
c 0.5 0.5 0.5
c 0.5 0.5 0.5
c 0.5 0.5 0.5
c 0.5 0.5 0.5

i 11 12 13
i 11 13 14
i  0  3  2
i  0  2  1
i  4  5  6
i  4  6  2
i  7  8  9
i  7  9 10
i 26 27 28
i 26 28 29
i 15 18 17
i 15 17 16
i 19 20 21
i 19 21 17
i 22 23 24
i 22 24 25
i 11 12 26
i 26 27 12
i 14 13 29
i 29 28 13
i  0  3 15
i 15  3 18
i  4  5 19
i  5 19 20
i  7  8 22
i 22 23  8
i  1  6 16
i 16  6 21
i 10  9 25
i 25 24  9
i 11 14 26
i 26 29 14
i 12 13 27
i 27 13 28
i  0  1 15
i 15  1 16
i  2  3 18
i 18  2 17
i  7 10 22
i 22 25 10
i  8  9 23
i 23  9 24